1712500423031 0.171875 0
1712500425741 0.34375 1
1712500428501 0.453125 2
1712500431138 0.515625 3
1712500433745 0.59375 4
1712500436366 0.671875 5
1712500439350 0.65625 6
1712500442354 0.78125 7
1712500445051 0.71875 8
1712500447948 0.734375 9
1712500450464 0.78125 0
1712500453404 0.71875 2
1712500456279 0.84375 4
1712500458980 0.71875 6
1712500461678 0.65625 8
1712500464369 0.75 10
1712500467216 0.703125 12
1712500469884 0.78125 14
1712500472643 0.734375 16
1712500475436 0.703125 18
1712500478510 0.8125 0
1712500481480 0.734375 3
1712500484484 0.84375 6
1712500487310 0.734375 9
1712500490900 0.65625 12
1712500494618 0.796875 15
1712500497663 0.703125 18
1712500500626 0.78125 21
1712500503531 0.734375 24
1712500507212 0.71875 27
