1712500423028 2.302073 0
1712500425740 2.264752 1
1712500428499 2.163425 2
1712500431136 2.051524 3
1712500433743 1.701024 4
1712500436365 1.310385 5
1712500439349 1.10617 6
1712500442353 0.876623 7
1712500445049 0.889957 8
1712500447946 0.852684 9
1712500450463 0.781148 0
1712500453401 0.839552 2
1712500456278 0.53802 4
1712500458978 0.813265 6
1712500461677 0.710455 8
1712500464366 0.708305 10
1712500467214 0.742754 12
1712500469883 0.644317 14
1712500472641 0.690867 16
1712500475435 0.695711 18
1712500478508 0.581249 0
1712500481478 0.673584 3
1712500484481 0.436998 6
1712500487308 0.713013 9
1712500490897 0.650873 12
1712500494615 0.644448 15
1712500497662 0.666011 18
1712500500625 0.625597 21
1712500503530 0.679322 24
1712500507209 0.610573 27
